     0/199     13.3G    0.1063   0.07731    0.0825    0.2661       275       640         0         0 3.622e-06 2.326e-06   0.09824   0.07152   0.07776
     1/199     15.6G    0.1012   0.08064   0.07461    0.2565       234       640         0         0 7.639e-05 1.247e-05    0.0985   0.06715   0.07311
     2/199     15.6G   0.09753   0.07766   0.07125    0.2464       280       640  0.009863 0.0001221 0.0006795 0.0001643   0.09323   0.06707   0.07106
     3/199     15.6G   0.09119    0.0798    0.0688    0.2398       360       640   0.00817  0.002856  0.002202 0.0004755   0.09585   0.06248   0.07052
     4/199     15.6G    0.0856   0.07844    0.0659    0.2299       433       640    0.0237   0.01688  0.002971 0.0007866   0.09032   0.07796   0.06791
     5/199     15.6G   0.08176   0.07704   0.06318     0.222       399       640    0.0495   0.02895   0.01405  0.004127   0.07783   0.06585   0.06295
     6/199     15.6G   0.08158   0.07377   0.06112    0.2165       237       640   0.05692   0.01483   0.01679  0.005166   0.07968   0.06617   0.06175
     7/199     15.6G   0.07959   0.07498   0.05925    0.2138       263       640    0.0716   0.04715   0.02611  0.007662   0.07754   0.06184   0.05976
     8/199     15.6G    0.0768   0.07467   0.05747    0.2089       222       640    0.1044   0.04266    0.0349   0.01151   0.07319   0.06313   0.05944
     9/199     15.6G   0.07436   0.07372   0.05585    0.2039       406       640   0.05298    0.0615   0.02603  0.007271   0.07617   0.06235   0.05895
    10/199     15.6G   0.07264   0.07162   0.05404    0.1983       190       640   0.08824   0.09565   0.05398   0.01827   0.06956   0.06304   0.05899
    11/199     15.6G   0.07046   0.07155   0.05246    0.1945       229       640   0.08827    0.0978   0.05931   0.02032   0.06777   0.06045   0.05555
    12/199     15.6G   0.06921   0.06926   0.05115    0.1896       215       640   0.09734    0.1158   0.08349   0.03268   0.06453   0.05855   0.05024
    13/199     15.6G   0.06668   0.07234   0.04897     0.188       266       640    0.1306    0.1706    0.1016   0.03896   0.06423   0.06126   0.04992
    14/199     15.6G   0.06547   0.07094   0.04793    0.1843       204       640    0.1039    0.1617    0.1114   0.04101   0.06258   0.05684   0.04808
    15/199     15.6G   0.06406     0.068   0.04674    0.1788       340       640      0.12    0.1492    0.1082   0.04429   0.06182   0.05634   0.04918
    16/199     15.6G   0.06259   0.06754   0.04519    0.1753       258       640   0.09615    0.1822    0.1199    0.0472   0.06097   0.05704   0.04603
    17/199     15.6G    0.0619   0.06794    0.0433    0.1731       299       640    0.1244    0.1778    0.1367   0.06088   0.05862   0.05559   0.04468
    18/199     15.6G   0.06046   0.06448    0.0424    0.1673       265       640    0.1462    0.1763    0.1472   0.06303   0.05805   0.05633   0.04434
    19/199     15.6G   0.05956   0.06601   0.04182    0.1674       253       640    0.1454     0.188     0.151   0.06823   0.05785   0.05462    0.0428
    20/199     15.6G   0.05918   0.06608   0.04113    0.1664       286       640    0.1398    0.2089    0.1672   0.07174   0.05635   0.05381    0.0421
    21/199     15.6G   0.05817   0.06417   0.04051    0.1629       268       640    0.1687    0.2422    0.1699   0.07436   0.05597   0.05354   0.04166
    22/199     15.6G   0.05678    0.0629   0.03939    0.1591       316       640    0.1497     0.217    0.1781   0.08335   0.05469   0.05328   0.03991
    23/199     15.6G   0.05676   0.06431   0.03918    0.1602       410       640    0.1857    0.2426    0.1847   0.07899   0.05577   0.05324   0.03918
    24/199     15.6G   0.05628    0.0639   0.03806    0.1582       337       640    0.1411    0.2444    0.1904   0.09018   0.05338   0.05303   0.03905
    25/199     15.6G   0.05611   0.06455   0.03781    0.1585       400       640     0.196     0.252    0.1897   0.08872   0.05375    0.0525   0.03921
    26/199     15.6G    0.0551   0.06325   0.03692    0.1553       254       640    0.1272    0.2675    0.1963   0.09149   0.05349   0.05209   0.03706
    27/199     15.6G   0.05532   0.06196   0.03659    0.1539       259       640    0.1513    0.2557    0.2005   0.09635   0.05349   0.05252   0.03688
    28/199     15.6G   0.05404    0.0621   0.03537    0.1515       362       640    0.1343    0.3118    0.2156    0.1005   0.05248    0.0517   0.03659
    29/199     15.6G   0.05375   0.06087   0.03521    0.1498       237       640    0.1395    0.3065    0.2212    0.1069   0.05173   0.05139   0.03617
    30/199     15.6G    0.0541   0.06229   0.03447    0.1509       239       640    0.1413    0.3071     0.217    0.1026   0.05125   0.05165   0.03642
    31/199     15.6G   0.05313   0.06101     0.034    0.1481       354       640    0.1462     0.293    0.2061   0.09562   0.05241   0.05281   0.03944
    32/199     15.6G   0.05231   0.05947   0.03354    0.1453       276       640    0.2208    0.3109    0.2339    0.1162   0.05055   0.05018   0.03408
    33/199     15.6G   0.05223    0.0616   0.03244    0.1463       304       640     0.167    0.3278    0.2412    0.1174   0.05042   0.05031   0.03411
    34/199     15.6G   0.05244   0.05784   0.03312    0.1434       225       640    0.2255    0.3108    0.2378    0.1172   0.05035   0.05032   0.03403
    35/199     15.6G   0.05173   0.05906   0.03229    0.1431       341       640    0.1726    0.3099     0.235    0.1155   0.05018   0.05095     0.035
    36/199     15.6G   0.05131   0.05926   0.03144     0.142       257       640    0.1678    0.3232    0.2396    0.1173   0.05023   0.05088   0.03398
    37/199     15.6G   0.05081   0.05984   0.03124    0.1419       279       640    0.2373    0.3326    0.2494    0.1204   0.05013    0.0497   0.03323
    38/199     15.6G   0.05081   0.05787   0.03113    0.1398       284       640    0.1623    0.3473    0.2512    0.1241   0.04934   0.05078   0.03351
    39/199     15.6G   0.05064   0.05901   0.03146    0.1411       406       640    0.1609    0.3353    0.2532    0.1276   0.04967   0.05009   0.03291
    40/199     15.6G   0.04984   0.05883   0.03033     0.139       375       640     0.221    0.3557    0.2556    0.1304   0.04819   0.04891   0.03278
    41/199     15.6G   0.05015   0.05776   0.03044    0.1384       256       640    0.2779    0.3685    0.2726    0.1394   0.04825   0.04943   0.03159
    42/199     15.6G    0.0498   0.05768   0.03024    0.1377       335       640     0.168    0.3408    0.2633    0.1314   0.04895   0.04973   0.03319
    43/199     15.6G   0.04972   0.05716   0.02974    0.1366       191       640    0.1855    0.3349    0.2636    0.1345   0.04842   0.04976   0.03389
    44/199     15.6G   0.04943   0.05746   0.02927    0.1362       211       640    0.1735    0.3388    0.2703    0.1396   0.04824    0.0493   0.03295
    45/199     15.6G   0.04909    0.0571   0.02919    0.1354       297       640    0.1793    0.3333    0.2631    0.1336   0.04837   0.04943   0.03361
    46/199     15.6G   0.04884    0.0557   0.02901    0.1335       355       640    0.1682    0.3649     0.277    0.1416   0.04755    0.0492   0.03158
    47/199     15.6G   0.04847    0.0558   0.02852    0.1328       320       640    0.1647    0.3827    0.2719    0.1335   0.04852   0.04948    0.0316
    48/199     15.6G   0.04835   0.05634   0.02826    0.1329       321       640    0.2497    0.3698    0.2849    0.1499    0.0477   0.04909   0.03135
    49/199     15.6G   0.04808   0.05732   0.02772    0.1331       231       640    0.2157    0.3643     0.289    0.1517   0.04711   0.04835   0.03236
    50/199     15.6G   0.04928   0.05654   0.02762    0.1334       196       640    0.2263    0.3791    0.2814    0.1462   0.04706   0.04859    0.0317
    51/199     15.6G   0.04817   0.05545    0.0273    0.1309       340       640    0.1961    0.3583    0.2825    0.1494    0.0474   0.04849   0.03122
    52/199     15.6G   0.04799   0.05678   0.02684    0.1316       318       640    0.1927    0.3871     0.306    0.1584   0.04708   0.04812   0.03051
    53/199     15.6G   0.04713   0.05471   0.02647    0.1283       236       640    0.1916    0.3846    0.2909    0.1515    0.0469   0.04846   0.03037
    54/199     15.6G   0.04745   0.05405    0.0264    0.1279       253       640    0.2009    0.3787    0.2974    0.1577   0.04698    0.0483    0.0309
    55/199     15.6G    0.0471   0.05514   0.02662    0.1289       403       640    0.1721    0.4085    0.3015    0.1604   0.04616   0.04854   0.02961
    56/199     15.6G   0.04745   0.05701   0.02586    0.1303       310       640    0.1934    0.3887    0.2932    0.1581   0.04622   0.04767   0.03077
    57/199     15.6G   0.04643   0.05389   0.02609    0.1264       401       640     0.186    0.4023    0.3062    0.1626   0.04605   0.04691    0.0289
    58/199     15.6G   0.04662   0.05446   0.02545    0.1265       275       640    0.1984    0.3966    0.3032    0.1622   0.04655   0.04753   0.02992
    59/199     15.6G   0.04643   0.05585   0.02542    0.1277       273       640    0.1555    0.3998    0.2931    0.1469   0.04795   0.04913   0.03019
    60/199     15.6G   0.04664   0.05456   0.02477     0.126       165       640    0.2007    0.3927    0.3144    0.1688   0.04597   0.04784   0.02894
    61/199     15.6G   0.04593   0.05262   0.02534    0.1239       248       640    0.2013     0.393    0.3132    0.1688   0.04576   0.04733   0.02896
    62/199     15.6G   0.04586   0.05329   0.02477    0.1239       348       640    0.2416    0.4068    0.3098     0.166   0.04569   0.04718   0.02961
    63/199     15.6G   0.04572   0.05468   0.02484    0.1252       296       640    0.1921    0.3738    0.3036    0.1615   0.04653   0.04834   0.03106
    64/199     15.6G   0.04498   0.05228   0.02428    0.1215       240       640    0.2464    0.3994    0.3049    0.1617   0.04598   0.04732   0.03017
    65/199     15.6G   0.04516   0.05247   0.02426    0.1219       272       640    0.1948    0.3879    0.2995    0.1606   0.04569   0.04768   0.03016
    66/199     15.6G    0.0453   0.05349   0.02408    0.1229       337       640    0.1865    0.3924    0.3114    0.1656   0.04533   0.04761   0.02918
    67/199     15.6G   0.04529    0.0532   0.02367    0.1222       266       640    0.2528    0.3922    0.3092    0.1688   0.04522   0.04755   0.02881
    68/199     15.6G   0.04518    0.0521   0.02406    0.1213       252       640    0.2021    0.4027    0.3106    0.1673   0.04522   0.04707   0.02931
    69/199     15.6G   0.04513   0.05283   0.02337    0.1213       292       640    0.2394    0.4167    0.3213    0.1745    0.0449   0.04705   0.03065
    70/199     15.6G   0.04462   0.05239   0.02292    0.1199       280       640    0.1903    0.3984    0.3183    0.1744   0.04493   0.04706   0.02848
    71/199     15.6G    0.0448   0.05188   0.02304    0.1197       436       640    0.2657     0.418    0.3253    0.1796   0.04484   0.04677    0.0284
    72/199     15.6G   0.04413   0.05222   0.02239    0.1187       335       640    0.3005    0.4157    0.3322    0.1841   0.04458   0.04644   0.02789
    73/199     15.6G   0.04447   0.05102   0.02258    0.1181       332       640    0.3045    0.4094     0.328    0.1788    0.0445   0.04682   0.02833
    74/199     15.6G   0.04439   0.05085   0.02213    0.1174       229       640    0.2534    0.4133    0.3225    0.1752    0.0449   0.04683   0.02848
    75/199     15.6G   0.04353   0.05146   0.02245    0.1174       350       640    0.2339    0.4164    0.3276    0.1806   0.04439   0.04679   0.02857
    76/199     15.6G   0.04336     0.051   0.02206    0.1164       338       640    0.2842    0.4209    0.3276    0.1797   0.04473   0.04672   0.02917
    77/199     15.6G   0.04382   0.05132   0.02268    0.1178       303       640    0.2712    0.4352    0.3302    0.1811   0.04424   0.04693   0.02856
    78/199     15.6G   0.04354   0.05325   0.02224     0.119       356       640    0.2675    0.4146    0.3268    0.1797   0.04425    0.0465   0.02846
    79/199     15.6G   0.04306   0.04978   0.02137    0.1142       433       640    0.2455     0.416    0.3321     0.185   0.04419   0.04614   0.02882
    80/199     15.6G   0.04394   0.05141   0.02151    0.1169       282       640    0.2688    0.4352    0.3333    0.1812   0.04394   0.04634   0.02888
    81/199     15.6G   0.04299   0.05112   0.02105    0.1152       245       640    0.2188    0.4243    0.3272    0.1774   0.04423   0.04694   0.02823
    82/199     15.6G   0.04288   0.05041   0.02141    0.1147       253       640    0.2613    0.4425    0.3351    0.1836   0.04393   0.04663   0.02848
    83/199     15.6G   0.04283   0.04843   0.02133    0.1126       300       640    0.2847    0.4213    0.3332     0.184   0.04438   0.04677   0.02811
    84/199     15.6G   0.04259   0.05106   0.02068    0.1143       290       640      0.21    0.4411    0.3314    0.1814   0.04394   0.04635   0.02901
    85/199     15.6G   0.04314    0.0505   0.02091    0.1145       296       640     0.271    0.4334    0.3399    0.1877   0.04412   0.04682   0.02753
    86/199     15.6G    0.0426   0.05016   0.02025     0.113       269       640    0.2262    0.4089    0.3333    0.1824   0.04386   0.04585   0.02811
    87/199     15.6G   0.04249   0.05062   0.01998    0.1131       272       640    0.2089    0.4226    0.3345    0.1856   0.04386   0.04611   0.02769
    88/199     15.6G   0.04192   0.04877   0.01998    0.1107       254       640      0.25    0.4326    0.3413    0.1911   0.04353   0.04596   0.02786
    89/199     15.6G   0.04241   0.04817   0.02016    0.1107       182       640    0.3271     0.448     0.356    0.1953   0.04362   0.04655   0.02848
    90/199     15.6G   0.04198   0.04936   0.01954    0.1109       238       640    0.3121    0.4343    0.3531     0.194   0.04391   0.04618   0.02756
    91/199     15.6G   0.04145   0.04843   0.02016      0.11       329       640    0.2822    0.4411    0.3489    0.1962   0.04354   0.04634   0.02727
    92/199     15.6G    0.0419   0.04926   0.01964    0.1108       278       640    0.2267    0.4284    0.3396     0.188    0.0437     0.047   0.02812
    93/199     15.6G    0.0419   0.04925   0.01913    0.1103       332       640    0.2812    0.4422    0.3453    0.1909    0.0437   0.04662   0.02826
    94/199     15.6G   0.04201   0.04715   0.01935    0.1085       289       640    0.2947    0.4205    0.3541    0.1983   0.04345   0.04746   0.02797
    95/199     15.6G   0.04138   0.04742   0.01871    0.1075       401       640    0.2837    0.4588    0.3608    0.1996   0.04346   0.04671   0.02787
    96/199     15.6G   0.04116   0.04912   0.01948    0.1098       352       640    0.2462    0.4405    0.3466    0.1923    0.0435   0.04638   0.02782
    97/199     15.6G   0.04136   0.04735    0.0187    0.1074       308       640    0.2287     0.441    0.3477    0.1941   0.04349   0.04638   0.02817
    98/199     15.6G   0.04094   0.04825   0.01847    0.1077       275       640      0.23    0.4404     0.356    0.1986   0.04351   0.04656   0.02729
    99/199     15.6G    0.0406   0.04797   0.01839     0.107       165       640    0.2337    0.4527     0.359    0.1992   0.04317    0.0466   0.02799
   100/199     15.6G   0.04035   0.04789   0.01762    0.1059       245       640    0.2227    0.4389    0.3516    0.1976   0.04309   0.04637   0.02785
   101/199     15.6G   0.04084   0.04728   0.01809    0.1062       370       640    0.2647    0.4662     0.369     0.207    0.0432   0.04645   0.02782
   102/199     15.6G   0.04095   0.04752   0.01808    0.1065       418       640    0.2292    0.4523    0.3586    0.2028   0.04297   0.04573    0.0282
   103/199     15.6G    0.0405   0.04748   0.01786    0.1058       396       640    0.2247    0.4436     0.362    0.2036   0.04351   0.04681   0.02751
   104/199     15.6G   0.04033   0.04644   0.01789    0.1047       227       640    0.2281    0.4428    0.3649    0.2081   0.04317   0.04635    0.0276
   105/199     15.6G   0.04041   0.04763   0.01798     0.106       274       640    0.2363     0.463    0.3753     0.213   0.04304   0.04599   0.02729
   106/199     15.6G   0.04047   0.04797   0.01734    0.1058       276       640    0.2811    0.4616    0.3692    0.2088   0.04284   0.04635   0.02764
   107/199     15.6G   0.04088   0.04708   0.01776    0.1057       441       640    0.2246    0.4674    0.3704    0.2099     0.043   0.04628   0.02745
   108/199     15.6G   0.03974   0.04682   0.01731    0.1039       268       640    0.2339    0.4648    0.3714    0.2093   0.04287   0.04619   0.02722
   109/199     15.6G   0.03994    0.0466   0.01683    0.1034       254       640    0.2291    0.4611    0.3709    0.2103   0.04333   0.04668   0.02736
   110/199     15.6G   0.04005   0.04539   0.01709    0.1025       283       640    0.2238    0.4551     0.364    0.2067   0.04281   0.04629   0.02774
   111/199     15.6G   0.03958   0.04756    0.0168    0.1039       320       640    0.2252    0.4727    0.3774    0.2143   0.04295   0.04607    0.0273
   112/199     15.6G   0.03985   0.04648    0.0168    0.1031       298       640    0.2284    0.4652    0.3707    0.2113   0.04283    0.0461   0.02737
   113/199     15.6G   0.04013   0.04769   0.01658    0.1044       340       640    0.2272    0.4649    0.3774    0.2099   0.04297   0.04654   0.02777
   114/199     15.6G   0.03931   0.04514   0.01634    0.1008       349       640    0.2333    0.4602    0.3775    0.2157   0.04267   0.04622   0.02843
   115/199     15.6G   0.03905   0.04533   0.01649    0.1009       245       640     0.223    0.4731    0.3855    0.2216   0.04251   0.04592   0.02686
   116/199     15.6G   0.03888   0.04506   0.01589   0.09984       228       640    0.2325    0.4652    0.3795    0.2175    0.0425   0.04617    0.0268
   117/199     15.6G   0.03928   0.04625   0.01613    0.1017       298       640    0.2201    0.4683    0.3726    0.2119   0.04252   0.04626   0.02769
   118/199     15.6G   0.03908   0.04608   0.01631    0.1015       274       640    0.2196    0.4696    0.3849    0.2223   0.04297   0.04677   0.02782
   119/199     15.6G   0.03886   0.04434   0.01571   0.09891       335       640    0.2361    0.4699    0.3786    0.2152   0.04256   0.04649   0.02736
   120/199     15.6G   0.03895   0.04606   0.01614    0.1012       262       640    0.2247    0.4651    0.3794    0.2175   0.04242   0.04617   0.02735
   121/199     15.6G   0.03935   0.04622   0.01591    0.1015       336       640    0.2243    0.4739    0.3864    0.2196   0.04251   0.04648   0.02782
   122/199     15.6G    0.0388   0.04464   0.01556     0.099       283       640    0.2219    0.4762    0.3883    0.2215   0.04276    0.0467   0.02758
   123/199     15.6G   0.03809   0.04403   0.01522   0.09734       286       640    0.2089    0.4824    0.3782    0.2183   0.04233   0.04631   0.02752
   124/199     15.6G   0.03778   0.04389   0.01521   0.09688       296       640    0.2192    0.4767    0.3911    0.2259   0.04255   0.04678    0.0276
   125/199     15.6G   0.03794    0.0441     0.015   0.09704       384       640    0.2478    0.4757    0.4003     0.231   0.04242   0.04682   0.02726
   126/199     15.6G   0.03801   0.04428   0.01497   0.09726       248       640     0.261    0.4791    0.3902    0.2263   0.04251   0.04722   0.02751
   127/199     15.6G   0.03851   0.04528   0.01482    0.0986       245       640    0.2279    0.4784    0.3982    0.2302   0.04248   0.04666    0.0276
   128/199     15.6G   0.03812   0.04402   0.01506    0.0972       304       640    0.2366    0.5038    0.4015    0.2311    0.0422    0.0466   0.02741
   129/199     15.6G   0.03829   0.04449     0.015   0.09777       344       640    0.2667    0.4921    0.4051    0.2342   0.04222    0.0465   0.02746
   130/199     15.6G   0.03805   0.04283   0.01484   0.09572       255       640     0.244    0.4949    0.3947    0.2287    0.0424   0.04702   0.02803
   131/199     15.6G    0.0375   0.04391   0.01448   0.09588       359       640    0.2317     0.494    0.3989    0.2294   0.04206   0.04635   0.02762
   132/199     15.6G   0.03742   0.04383   0.01438   0.09562       358       640      0.25    0.4995    0.3973    0.2297   0.04201    0.0463   0.02765
   133/199     15.6G   0.03666   0.04259   0.01452   0.09376       220       640    0.2384    0.4961    0.3925    0.2252    0.0419   0.04654   0.02728
   134/199     15.6G   0.03741   0.04259   0.01447   0.09448       232       640    0.2644    0.4989    0.3946    0.2297   0.04196   0.04634   0.02779
   135/199     15.6G   0.03741   0.04323   0.01374   0.09438       424       640    0.2508    0.4858    0.3928    0.2284   0.04214   0.04686   0.02791
   136/199     15.6G   0.03659   0.04387   0.01374    0.0942       243       640     0.241    0.4859    0.3897    0.2269   0.04204   0.04702   0.02792
   137/199     15.6G   0.03735   0.04429   0.01404   0.09568       339       640    0.2387    0.4911    0.3894    0.2275    0.0422   0.04663   0.02778
   138/199     15.6G   0.03728   0.04335   0.01364   0.09426       318       640    0.2478    0.5088    0.3945    0.2303   0.04208   0.04652   0.02791
   139/199     15.6G   0.03717   0.04367   0.01368   0.09451       243       640    0.2405    0.4831    0.3898    0.2278   0.04212   0.04648   0.02791
   140/199     15.6G   0.03706   0.04302   0.01359   0.09366       271       640    0.2647    0.4875    0.3923    0.2302   0.04215   0.04705   0.02792
   141/199     15.6G   0.03684   0.04351   0.01336   0.09372       243       640    0.2436    0.4925    0.3984    0.2351   0.04211   0.04674    0.0279
   142/199     15.6G   0.03666   0.04291   0.01356   0.09314       245       640     0.245    0.4951    0.4065    0.2361    0.0419   0.04687   0.02764
   143/199     15.6G   0.03624   0.04229   0.01315   0.09168       439       640    0.2529    0.4895    0.3988    0.2336   0.04191   0.04704   0.02763
   144/199     15.6G   0.03692   0.04235   0.01289   0.09216       338       640    0.2503    0.4938    0.3986    0.2343    0.0419   0.04688   0.02772
   145/199     15.6G   0.03655   0.04162   0.01339   0.09156       324       640    0.2424    0.5099    0.4063    0.2376   0.04217   0.04712   0.02736
   146/199     15.6G   0.03641   0.04246   0.01308   0.09195       353       640    0.2322    0.5024    0.4031    0.2356   0.04196    0.0468   0.02765
   147/199     15.6G    0.0362   0.04155    0.0129   0.09065       364       640     0.249    0.5019    0.4113    0.2441   0.04182   0.04684   0.02783
   148/199     15.6G   0.03624   0.04155   0.01289   0.09068       192       640    0.2457    0.5097    0.4166    0.2473   0.04184   0.04679   0.02758
   149/199     15.6G   0.03589   0.04152   0.01295   0.09036       412       640    0.2685     0.503    0.4062    0.2427   0.04191   0.04708   0.02727
   150/199     15.6G   0.03623   0.04168   0.01271   0.09062       314       640    0.2713    0.5103    0.4168    0.2446   0.04184   0.04728   0.02751
   151/199     15.6G   0.03524    0.0414   0.01226    0.0889       297       640    0.2561    0.5174    0.4134     0.241   0.04202   0.04696   0.02745
   152/199     15.6G   0.03588   0.04232   0.01293   0.09113       319       640    0.2693    0.5089    0.4194     0.245   0.04192    0.0474   0.02737
   153/199     15.6G   0.03594    0.0415    0.0123   0.08973       268       640    0.2724    0.5045     0.416    0.2453   0.04185   0.04726   0.02739
   154/199     15.6G   0.03569   0.04241   0.01251   0.09061       339       640     0.257    0.5083    0.4133    0.2469   0.04175   0.04709   0.02736
   155/199     15.6G   0.03548    0.0419   0.01182    0.0892       297       640    0.2848    0.5143    0.4182    0.2468   0.04175   0.04696   0.02723
   156/199     15.6G   0.03591   0.04165   0.01216   0.08972       255       640    0.2739    0.5134     0.418    0.2464   0.04173   0.04699    0.0271
   157/199     15.6G   0.03576   0.04125   0.01188   0.08888       284       640     0.257    0.5091    0.4136    0.2442   0.04167   0.04709   0.02729
   158/199     15.6G   0.03547   0.04126   0.01181   0.08854       201       640    0.2693    0.5166    0.4133    0.2423   0.04166   0.04733   0.02771
   159/199     15.6G   0.03469    0.0405   0.01145   0.08663       317       640    0.2561    0.5071     0.413    0.2434   0.04181   0.04737   0.02778
   160/199     15.6G    0.0351   0.04029   0.01207   0.08746       272       640    0.2605    0.5047    0.4107    0.2436   0.04179   0.04737   0.02742
   161/199     15.6G   0.03524   0.04038   0.01164   0.08726       248       640    0.2475    0.5085    0.4129    0.2437   0.04177   0.04746   0.02758
   162/199     15.6G   0.03486   0.04078   0.01171   0.08734       302       640    0.2444    0.5022    0.4159     0.246   0.04182   0.04711   0.02769
   163/199     15.6G     0.035   0.03999   0.01203   0.08701       302       640     0.247    0.5055     0.417    0.2461   0.04175   0.04733   0.02764
   164/199     15.6G   0.03506   0.04048   0.01163   0.08717       244       640    0.2422    0.5104    0.4201    0.2467   0.04156   0.04717   0.02804
   165/199     15.6G   0.03449   0.03971   0.01127   0.08547       302       640    0.2407    0.5046    0.4147    0.2453    0.0416   0.04742    0.0281
   166/199     15.6G    0.0346   0.03983    0.0112   0.08563       256       640     0.241    0.5094    0.4109    0.2426   0.04174   0.04733   0.02834
   167/199     15.6G   0.03474   0.04047   0.01121   0.08642       347       640    0.2665    0.5079    0.4158    0.2457   0.04197   0.04821   0.02826
   168/199     15.6G    0.0345   0.03921   0.01134   0.08505       227       640    0.2501    0.5001    0.4143    0.2478   0.04157   0.04743   0.02827
   169/199     15.6G   0.03467   0.04059   0.01151   0.08677       361       640    0.2412    0.5013    0.4174    0.2479   0.04166   0.04732    0.0281
   170/199     15.6G   0.03475   0.03965   0.01118   0.08558       313       640    0.2492    0.5111    0.4257    0.2524   0.04151   0.04717   0.02809
   171/199     15.6G   0.03436   0.03886   0.01098    0.0842       221       640    0.2519    0.5118    0.4239    0.2522   0.04174    0.0473   0.02824
   172/199     15.6G   0.03472   0.03816   0.01124   0.08412       226       640    0.2569    0.5107    0.4249    0.2518   0.04167   0.04759    0.0284
   173/199     15.6G   0.03423   0.04016   0.01082    0.0852       269       640    0.2656    0.5037     0.424     0.252   0.04166   0.04768   0.02839
   174/199     15.6G   0.03408    0.0403   0.01088   0.08525       268       640    0.2637    0.5097    0.4274    0.2557   0.04168   0.04769   0.02841
   175/199     15.6G   0.03402   0.03895   0.01105   0.08402       324       640     0.251    0.5147    0.4254    0.2546   0.04173   0.04743   0.02809
   176/199     15.6G     0.034   0.03897   0.01094   0.08391       320       640    0.2556    0.5085    0.4246    0.2552   0.04165   0.04758   0.02804
   177/199     15.6G   0.03399    0.0391   0.01076   0.08386       381       640    0.2588    0.5102    0.4252    0.2539   0.04177   0.04784   0.02817
   178/199     15.6G   0.03439   0.04096   0.01052   0.08586       247       640     0.253    0.5156    0.4262    0.2546   0.04173   0.04763   0.02851
   179/199     15.6G   0.03324    0.0376   0.01038   0.08122       231       640    0.2569    0.5054    0.4265    0.2552   0.04169   0.04774   0.02826
   180/199     15.6G   0.03389   0.03966   0.01052   0.08407       259       640     0.245    0.5098    0.4269    0.2543   0.04172   0.04774   0.02839
   181/199     15.6G   0.03391   0.03798   0.01022   0.08212       275       640    0.2564    0.5177    0.4238    0.2523    0.0417   0.04795   0.02849
   182/199     15.6G   0.03393   0.03868   0.01074   0.08334       383       640    0.2564    0.5256    0.4239    0.2516   0.04174   0.04789   0.02873
   183/199     15.6G   0.03359   0.03899   0.01048   0.08306       262       640    0.2659    0.5302    0.4304    0.2569   0.04171   0.04761   0.02854
   184/199     15.6G   0.03424   0.03917   0.01073   0.08415       392       640    0.2577    0.5179    0.4338    0.2581   0.04171   0.04766   0.02834
   185/199     15.6G   0.03388   0.03809   0.01059   0.08256       335       640    0.2616    0.5109    0.4262    0.2543    0.0417   0.04774   0.02845
   186/199     15.6G   0.03343   0.03848   0.01007   0.08198       292       640    0.2655    0.5191     0.428    0.2555   0.04167   0.04786   0.02848
   187/199     15.6G   0.03375   0.03861   0.01044    0.0828       164       640    0.2528    0.5117    0.4242     0.255   0.04154   0.04783   0.02836
   188/199     15.6G   0.03359   0.03756   0.01039   0.08154       261       640    0.2545    0.5134    0.4236    0.2538   0.04166   0.04809    0.0283
   189/199     15.6G    0.0331   0.03781  0.009849   0.08076       304       640    0.2583    0.5215     0.427    0.2552   0.04178   0.04844   0.02813
   190/199     15.6G   0.03445   0.03891   0.01082   0.08418       364       640    0.2543    0.5241    0.4322    0.2536   0.04164    0.0481   0.02832
   191/199     15.6G   0.03349   0.03875   0.01015   0.08239       363       640     0.257    0.5065    0.4257    0.2526   0.04158   0.04829   0.02847
   192/199     15.6G   0.03387   0.03812   0.01022   0.08221       369       640     0.263    0.5236    0.4317    0.2547   0.04161   0.04825   0.02853
   193/199     15.6G   0.03346    0.0376  0.009988   0.08105       217       640    0.2663    0.5171    0.4285    0.2559   0.04165   0.04837    0.0286
   194/199     15.6G   0.03342    0.0392   0.01025   0.08287       340       640    0.2628    0.5189    0.4222     0.252    0.0416   0.04831   0.02862
   195/199     15.6G    0.0326   0.03754   0.01021   0.08034       277       640    0.2546     0.529    0.4279    0.2562   0.04159   0.04806   0.02866
   196/199     15.6G   0.03343   0.03771   0.01024   0.08138       390       640    0.2612    0.5216    0.4275     0.258   0.04169   0.04839    0.0285
   197/199     15.6G   0.03372   0.03827   0.01003   0.08201       383       640     0.255      0.52    0.4257     0.257   0.04168   0.04831    0.0284
   198/199     15.6G   0.03373   0.03912  0.009945    0.0828       259       640    0.2604    0.5239    0.4268    0.2547   0.04172   0.04838   0.02846
   199/199     15.6G   0.03388   0.03875   0.01022   0.08285       182       640    0.2578    0.5221    0.4266    0.2552   0.04169   0.04832    0.0284
